1 00040200 88183610 2 3 2500 10000
1 00040204 534aad58 3 0 2500 10000
1 00040208 664bbd56 3 0 2500 10000
1 0004020c 534ccd58 3 0 2500 10000
0 00040204 534aad58 2 2 2500 10000
0 00040208 664bbd56 3 0 2500 10000
0 0004020c 534ccd58 3 0 2500 10000
1 00040220 5c4aad58 2 0 2500 10000
1 00040224 df4aade8 2 0 2500 10000
0 00040200 88183610 2 0 2500 10000
1 00040228 534a3448 2 0 2500 10000
1 0004022c 774aad58 2 0 2500 10000
0 00040220 5c4aad58 2 3 2500 10000
0 00040224 df4aade8 3 0 2500 10000
0 00040228 534a3448 3 0 2500 10000
0 0004022c 774aad58 3 0 2500 10000
1 00040200 88183610 2 0 2500 10000
1 00040204 534aad58 2 0 2500 10000
1 00040208 664bbd56 2 0 2500 10000
1 0004020c 534ccd58 2 0 2500 10000
0 00040220 5c4aad58 2 3 2500 10000
0 00040224 df4aade8 3 0 2500 10000
0 00040228 534a3448 3 0 2500 10000
0 0004022c 774aad58 3 0 2500 10000
0 00040220 5c4aad58 2 0 2500 10000
1 00040200 88183610 2 0 2500 10000
1 00040204 534aad58 2 0 2500 10000
1 00040208 664bbd56 2 0 2500 10000
1 0004020c 534ccd58 2 0 2500 10000
1 00040200 88183610 2 0 2500 5000
1 00040204 534aad58 2 0 2500 5000
1 00040208 664bbd56 2 0 2500 5000
1 0004020c 534ccd58 2 0 2500 5000
0 00040204 534aad58 2 2 2500 5000
0 00040208 664bbd56 3 0 2500 5000
0 0004020c 534ccd58 3 0 2500 5000
1 00040220 5c4aad58 2 0 2500 5000
1 00040224 df4aade8 2 0 2500 5000
0 00040200 88183610 2 0 2500 5000
1 00040228 534a3448 2 0 2500 5000
1 0004022c 774aad58 2 0 2500 5000
0 00040220 5c4aad58 2 3 3000 5000
0 00040224 df4aade8 3 0 2500 5000
0 00040228 534a3448 3 0 2500 5000
0 0004022c 774aad58 3 0 2500 5000
1 00040200 88183610 2 0 2500 5000
1 00040204 534aad58 2 0 2500 5000
1 00040208 664bbd56 2 0 2500 5000
1 0004020c 534ccd58 2 0 2500 5000
0 00040220 5c4aad58 2 3 2500 5000
0 00040224 df4aade8 3 0 2500 5000
0 00040228 534a3448 3 0 2500 5000
0 0004022c 774aad58 3 0 2500 5000
0 00040220 5c4aad58 2 0 2500 5000
1 00040200 88183610 2 0 2500 5000
1 00040204 534aad58 2 0 2500 5000
1 00040208 664bbd56 2 0 2500 5000
1 0004020c 534ccd58 2 0 2500 5000
